15 15 10 40 20
7 5 2 1 1
2 3 0 0 0
5 5 5 5 5 5 5 10 10 10 10 10 50 50 100 100 
000000000 3 4 4 5 0 1 5 7 8 6 5 7 49 50 48 96 
000000001 3 0 4 5 1 2 0 7 9 8 9 5 49 47 45 95 
000000002 5 3 5 3 5 1 2 8 7 5 7 5 46 45 50 98 
000000003 2 2 4 2 2 1 1 7 8 9 8 7 45 48 49 98 
000000004 5 5 1 5 0 3 4 10 10 9 8 5 45 50 49 99 
000000005 3 2 1 1 5 0 4 10 10 8 5 7 46 46 46 99 
000000006 2 0 1 4 2 1 4 10 8 6 10 7 45 46 49 95 
000000007 1 4 1 5 0 5 3 6 8 8 8 9 50 45 48 95 
000000008 1 0 4 5 2 1 0 5 8 8 6 8 48 47 49 95 
000000009 3 0 4 1 4 0 4 8 10 8 6 10 50 45 46 99 
000000010 4 5 1 0 5 5 4 8 5 7 7 5 48 47 45 98 
000000011 1 2 0 4 2 2 1 10 5 5 6 8 47 50 48 98 
000000012 1 1 1 0 1 2 1 6 10 5 9 5 48 50 45 99 
000000013 4 4 1 5 2 1 1 6 10 6 6 8 47 48 45 96 
000000014 5 0 0 2 0 2 3 9 7 9 10 7 46 46 48 99 
000000015 1 4 0 2 5 0 5 7 9 7 8 10 49 47 49 100 
000000016 5 5 4 1 5 3 4 6 6 9 10 8 47 48 50 100 
000000017 4 3 4 0 3 4 1 6 8 5 9 7 46 45 46 95 
000000018 4 4 4 4 5 1 1 5 6 10 6 7 50 47 47 97 
000000019 1 5 3 4 5 3 1 8 10 8 9 8 50 45 47 98 
000000020 2 0 0 4 4 0 4 6 10 5 10 8 45 47 48 98 
000000021 5 0 3 1 0 5 5 8 10 8 8 8 47 47 48 98 
000000022 3 0 4 2 3 0 0 10 8 6 6 10 45 49 47 96 
000000023 4 2 1 1 0 5 4 6 5 9 9 6 46 49 45 96 
000000024 3 0 5 0 1 5 5 6 9 9 7 7 45 47 49 97 
000000025 4 5 1 0 1 2 2 8 6 9 10 5 46 49 45 99 
000000026 2 4 5 1 2 4 3 7 8 10 5 7 48 49 50 98 
000000027 3 3 5 2 0 4 3 8 9 6 5 6 48 47 50 95 
000000028 4 3 5 3 0 1 3 6 9 7 9 9 46 47 48 100 
000000029 4 2 4 3 5 2 4 7 8 6 5 7 45 45 48 99 
000000030 1 4 5 0 2 1 1 5 7 8 7 10 49 47 50 96 
000000031 1 4 4 4 2 2 1 10 10 5 10 9 45 47 50 95 
000000032 1 1 3 5 3 2 2 10 9 9 7 10 46 49 48 95 
000000033 5 0 1 1 3 0 5 10 8 5 5 9 48 47 49 99 
000000034 2 5 2 1 0 5 2 10 7 9 6 7 48 46 45 97 
000000035 5 2 2 5 3 0 0 10 5 9 6 10 45 48 49 98 
000000036 1 2 0 0 0 2 5 5 8 10 8 6 50 50 45 97 
000000037 5 1 2 0 5 0 2 8 9 5 9 9 49 50 50 99 
000000038 1 4 0 4 5 0 2 8 8 10 8 7 46 48 50 95 
000000039 0 0 1 2 5 2 0 6 6 7 5 5 46 50 48 100 
