15 15 10 40 20
8 2 1 1 1
3 1 0 0 0
5 5 5 5 5 5 5 5 10 10 50 100 100 
000000000 4 0 0 3 2 1 4 4 8 10 50 50 96 
000000001 3 4 5 5 2 3 0 2 10 7 47 49 95 
000000002 4 4 3 3 3 1 5 2 10 5 45 48 100 
000000003 5 5 1 2 2 0 2 0 10 9 48 47 98 
000000004 2 3 4 0 3 1 4 1 7 7 46 47 95 
000000005 4 0 1 2 1 0 0 4 8 9 48 46 98 
000000006 5 3 4 4 1 4 1 4 5 9 47 46 97 
000000007 1 5 3 1 5 2 2 1 7 10 46 45 97 
000000008 4 2 5 3 5 5 3 0 5 10 49 49 95 
000000009 2 0 3 1 5 3 2 4 6 5 48 49 98 
000000010 3 4 0 4 5 0 5 0 10 6 46 46 99 
000000011 5 4 4 0 2 1 0 0 6 8 46 49 98 
000000012 3 5 5 4 1 5 4 0 7 7 50 48 95 
000000013 3 1 5 4 1 4 2 3 8 10 47 50 95 
000000014 0 4 1 4 3 4 1 5 8 5 45 50 99 
000000015 0 4 4 0 4 1 2 5 10 10 48 46 98 
000000016 0 0 5 4 4 4 2 2 9 5 45 45 99 
000000017 4 5 3 0 2 1 2 5 10 9 47 48 95 
000000018 1 2 5 0 1 1 4 3 5 5 46 47 99 
000000019 5 3 0 0 5 3 3 1 5 7 49 46 97 
000000020 1 1 5 3 3 5 2 0 6 6 47 49 95 
000000021 4 0 4 3 1 4 4 4 8 10 46 48 97 
000000022 2 1 0 0 5 3 5 1 9 10 45 45 97 
000000023 5 0 0 0 2 4 5 2 8 7 46 46 99 
000000024 2 5 3 3 1 2 1 4 6 10 45 45 97 
000000025 1 1 1 1 4 5 0 0 7 7 47 49 99 
000000026 2 0 1 4 5 3 5 1 5 10 49 50 95 
000000027 4 4 1 0 5 3 4 3 10 8 48 48 99 
000000028 0 2 4 5 1 1 1 3 9 9 45 46 96 
000000029 2 2 3 4 0 2 0 0 7 7 47 46 96 
000000030 1 5 3 2 0 5 5 5 8 6 46 46 100 
000000031 4 0 4 0 5 3 2 5 5 9 45 46 99 
000000032 0 5 0 3 3 4 1 2 10 7 48 46 95 
000000033 5 4 2 1 1 5 5 1 10 8 50 47 99 
000000034 5 0 2 5 5 2 0 5 5 7 47 45 100 
000000035 2 2 1 3 4 4 4 2 5 9 45 48 100 
000000036 4 5 3 1 2 5 5 5 8 5 45 46 96 
000000037 5 4 4 4 2 4 4 0 9 5 47 47 96 
000000038 2 1 5 2 5 3 0 3 7 7 50 46 98 
000000039 0 3 5 0 5 3 2 4 5 7 45 48 97 
