15 15 10 40 20
20 7 2 1 1
2 1 0 0 0
10 10 10 10 10 10 10 10 10 10 10 10 10 10 10 10 10 10 10 10 10 10 10 10 10 10 10 50 50 100 100
300000001 9 10 8 7 10 9 8 10 9 10 7 8 9 10 8 7 9 10 8 9 10 9 8 9 10 8 9 45 48 90 92
300000002 8 9 9 7 9 8 9 9 8 9 7 8 9 9 8 7 8 9 8 9 9 8 9 8 9 7 8 40 42 85 88
300000003 10 10 9 8 10 9 9 10 9 10 8 9 10 9 9 8 9 10 9 10 10 9 8 10 9 9 9 48 50 95 94
300000004 7 8 8 7 8 7 8 8 7 8 7 8 8 7 8 7 8 8 7 8 8 7 8 7 8 7 8 38 40 78 82
300000005 9 9 9 9 9 9 9 9 9 9 9 9 9 9 9 9 9 9 9 9 8 8 8 8 8 8 8 42 44 88 90
300000006 10 9 8 10 9 8 10 9 8 10 9 8 10 9 8 10 9 8 10 9 9 8 10 9 8 9 8 47 46 92 96
300000007 6 7 8 6 7 8 6 7 8 6 7 8 6 7 8 6 7 8 6 7 7 8 7 8 7 8 7 35 38 80 85
300000008 8 8 8 8 8 8 8 8 8 8 8 8 8 8 8 8 8 8 8 8 9 9 9 9 9 9 9 44 45 93 91
300000009 9 8 9 8 9 8 9 8 9 8 9 8 9 8 9 8 9 8 9 8 7 7 7 7 7 7 7 39 41 82 79
300000010 10 10 10 9 9 9 10 10 10 9 9 9 10 10 10 9 9 9 10 10 10 10 9 9 8 8 9 50 49 98 97