15 15 10 40 20
12 3 1 1 1
3 1 0 0 0
5 5 5 5 5 5 5 5 5 5 5 5 10 10 10 50 100 100 
000000000 2 4 3 4 5 5 4 1 3 4 4 2 9 8 6 48 48 96 
000000001 0 3 5 0 1 5 1 0 4 5 2 0 7 6 7 50 47 97 
000000002 5 5 5 4 1 2 0 5 2 5 3 5 5 8 9 49 47 100 
000000003 5 5 3 0 1 5 5 2 5 0 5 4 9 10 10 48 45 95 
000000004 4 1 4 5 1 5 0 1 3 5 5 0 8 7 9 49 48 97 
000000005 0 0 1 2 4 4 5 0 3 1 1 2 7 6 5 45 46 98 
000000006 1 1 5 2 2 2 2 2 5 4 1 5 6 5 7 45 49 96 
000000007 1 1 2 5 0 4 2 0 0 4 3 2 7 9 7 45 46 96 
000000008 0 3 5 5 2 0 5 0 0 2 5 4 5 8 9 50 49 98 
000000009 0 3 2 5 1 5 1 0 2 0 2 0 8 7 10 50 48 100 
000000010 3 2 1 5 5 1 1 1 2 4 0 2 7 10 9 48 50 99 
000000011 1 1 3 3 5 3 4 3 0 0 0 0 5 10 8 49 47 96 
000000012 2 3 3 5 0 5 2 2 2 5 1 0 6 10 8 46 48 97 
000000013 1 4 2 4 4 1 3 2 1 4 3 0 5 9 9 49 47 97 
000000014 1 4 1 2 3 3 1 1 2 3 2 5 10 7 10 50 45 96 
000000015 0 4 3 5 2 0 4 4 0 2 5 1 9 8 10 46 47 96 
000000016 2 2 4 3 3 4 3 0 1 1 3 0 9 8 9 45 49 99 
000000017 4 4 0 3 2 5 3 4 1 2 5 1 6 9 7 45 48 99 
000000018 1 4 1 3 5 3 4 5 0 0 4 5 9 5 7 48 49 97 
000000019 5 4 2 3 0 5 3 2 4 4 4 0 7 7 5 49 46 95 
000000020 3 3 1 5 4 2 5 0 0 1 2 5 5 8 8 46 48 96 
000000021 5 2 4 4 4 5 2 2 2 4 3 2 9 7 6 46 46 95 
000000022 2 2 0 1 4 1 1 2 2 0 5 1 7 7 6 47 49 95 
000000023 3 5 1 4 0 2 2 5 0 4 2 3 10 8 9 45 50 98 
000000024 3 0 1 5 0 2 0 3 2 3 0 3 5 7 9 45 45 98 
000000025 1 0 1 3 2 2 0 4 3 3 4 4 7 6 6 48 48 96 
000000026 4 1 5 2 1 4 2 2 4 5 2 3 8 6 9 47 47 95 
000000027 1 3 1 4 2 3 5 5 2 2 1 3 8 10 9 50 48 97 
000000028 4 3 0 2 1 1 0 1 3 0 1 1 8 8 7 45 46 95 
000000029 4 5 3 0 1 2 1 4 4 3 4 5 5 8 8 50 50 96 
000000030 5 4 5 3 4 5 3 3 4 2 4 1 7 9 8 48 47 95 
000000031 2 1 3 0 5 4 4 3 5 5 0 0 6 7 5 46 48 100 
000000032 0 5 2 5 4 5 2 2 2 2 0 1 7 9 7 50 48 100 
000000033 3 1 0 4 2 0 4 5 4 4 2 0 8 8 10 47 48 95 
000000034 5 5 1 2 1 5 0 1 1 1 4 2 8 8 10 45 48 97 
000000035 3 0 0 2 5 5 3 0 3 4 0 4 9 8 9 49 49 99 
000000036 3 5 4 3 3 4 1 0 4 1 1 4 8 8 8 45 47 98 
000000037 0 2 1 5 2 3 1 3 4 2 2 2 5 7 9 47 46 100 
000000038 0 4 0 4 2 4 4 3 4 2 5 1 10 6 7 45 49 100 
000000039 4 3 1 3 0 3 3 0 3 1 1 3 10 10 6 47 47 98 
